example/data/COSMOS_Web_halo.ecsv
# %ECSV 1.0
# ---
# datatype:
# - {name: z, datatype: float64}
# - {name: -3 sigma, datatype: float64}
# - {name: -2 sigma, datatype: float64}
# - {name: -1 sigma, datatype: float64}
# - {name: median, datatype: float64}
# - {name: +1 sigma, datatype: float64}
# - {name: +2 sigma, datatype: float64}
# - {name: +3 sigma, datatype: float64}
# schema: astropy-2.0
z "-3 sigma" "-2 sigma" "-1 sigma" median "+1 sigma" "+2 sigma" "+3 sigma"
0.1 10.799999999999876 11.299999999999866 11.819999999999855 12.339999999999844 12.849999999999833 13.349999999999822 13.809999999999812
0.30000000000000004 11.239999999999867 11.709999999999857 12.189999999999847 12.669999999999837 13.139999999999826 13.569999999999817 13.959999999999809
0.5 11.349999999999865 11.789999999999855 12.249999999999845 12.719999999999835 13.169999999999826 13.579999999999817 13.92999999999981
0.7000000000000001 11.299999999999866 11.739999999999856 12.209999999999846 12.669999999999837 13.119999999999827 13.519999999999818 13.849999999999811
0.9 11.209999999999868 11.679999999999858 12.139999999999848 12.599999999999838 13.039999999999829 13.42999999999982 13.759999999999813
1.1 11.13999999999987 11.58999999999986 12.04999999999985 12.49999999999984 12.94999999999983 13.329999999999822 13.649999999999816
1.3000000000000003 11.029999999999871 11.489999999999862 11.959999999999852 12.419999999999842 12.859999999999832 13.239999999999824 13.559999999999818
1.5000000000000002 10.959999999999873 11.399999999999864 11.859999999999854 12.309999999999844 12.759999999999835 13.129999999999827 13.45999999999982
1.7000000000000002 10.859999999999875 11.309999999999865 11.759999999999856 12.219999999999846 12.659999999999837 13.029999999999829 13.349999999999822
1.9000000000000001 10.769999999999877 11.209999999999868 11.669999999999858 12.119999999999848 12.559999999999839 12.93999999999983 13.239999999999824
2.1 10.66999999999988 11.12999999999987 11.57999999999986 12.02999999999985 12.46999999999984 12.839999999999833 13.149999999999826
2.3000000000000003 10.579999999999881 11.029999999999871 11.489999999999862 11.939999999999852 12.379999999999843 12.749999999999835 13.059999999999828
2.5000000000000004 10.459999999999884 10.939999999999873 11.399999999999864 11.839999999999854 12.279999999999845 12.649999999999837 12.94999999999983
2.7 10.389999999999885 10.849999999999875 11.299999999999866 11.759999999999856 12.199999999999847 12.569999999999839 12.869999999999832
2.9000000000000004 10.319999999999887 10.759999999999877 11.219999999999867 11.669999999999858 12.109999999999848 12.47999999999984 12.789999999999834
3.1 10.239999999999888 10.66999999999988 11.12999999999987 11.57999999999986 12.01999999999985 12.389999999999842 12.679999999999836
3.3000000000000003 10.16999999999989 10.60999999999988 11.05999999999987 11.509999999999861 11.939999999999852 12.309999999999844 12.619999999999838
3.5000000000000004 10.079999999999892 10.519999999999882 10.979999999999873 11.429999999999863 11.859999999999854 12.229999999999846 12.52999999999984
3.7 9.989999999999894 10.449999999999884 10.899999999999874 11.349999999999865 11.789999999999855 12.149999999999848 12.459999999999841
3.9000000000000004 9.929999999999895 10.369999999999886 10.819999999999876 11.269999999999866 11.699999999999857 12.06999999999985 12.379999999999843
4.1 9.859999999999896 10.299999999999887 10.749999999999877 11.199999999999868 11.629999999999859 11.99999999999985 12.299999999999844
4.3 9.739999999999899 10.229999999999889 10.679999999999879 11.12999999999987 11.55999999999986 11.929999999999852 12.229999999999846
4.5 9.7099999999999 10.15999999999989 10.59999999999988 11.049999999999871 11.489999999999862 11.859999999999854 12.159999999999847
4.7 9.629999999999901 10.079999999999892 10.529999999999882 10.989999999999872 11.419999999999863 11.789999999999855 12.06999999999985
4.9 9.559999999999903 10.009999999999893 10.459999999999884 10.909999999999874 11.349999999999865 11.719999999999857 12.01999999999985
5.1 9.489999999999904 9.949999999999894 10.399999999999885 10.849999999999875 11.279999999999866 11.649999999999858 11.959999999999852
5.3 9.429999999999906 9.879999999999896 10.329999999999886 10.779999999999877 11.219999999999867 11.57999999999986 11.879999999999853
5.5 9.359999999999907 9.809999999999897 10.269999999999888 10.719999999999878 11.149999999999869 11.519999999999861 11.799999999999855
5.7 9.309999999999908 9.749999999999899 10.19999999999989 10.64999999999988 11.07999999999987 11.449999999999863 11.759999999999856
5.9 9.23999999999991 9.6899999999999 10.13999999999989 10.579999999999881 11.019999999999872 11.389999999999864 11.679999999999858
6.1 9.169999999999911 9.619999999999902 10.069999999999892 10.519999999999882 10.959999999999873 11.319999999999865 11.619999999999859
6.3 9.099999999999913 9.559999999999903 10.009999999999893 10.459999999999884 10.899999999999874 11.259999999999867 11.54999999999986
6.5 9.039999999999914 9.499999999999904 9.949999999999894 10.399999999999885 10.839999999999876 11.209999999999868 11.499999999999861
6.7 8.989999999999915 9.439999999999905 9.889999999999896 10.339999999999886 10.779999999999877 11.13999999999987 11.439999999999863
6.9 8.929999999999916 9.389999999999906 9.829999999999897 10.279999999999887 10.719999999999878 11.07999999999987 11.379999999999864
7.1 8.859999999999918 9.329999999999908 9.779999999999898 10.229999999999889 10.65999999999988 11.029999999999871 11.339999999999865
7.3 8.799999999999919 9.269999999999909 9.7199999999999 10.16999999999989 10.59999999999988 10.969999999999873 11.259999999999867
7.5 8.76999999999992 9.21999999999991 9.6699999999999 10.109999999999891 10.549999999999882 10.909999999999874 11.199999999999868
7.7 8.72999999999992 9.159999999999911 9.609999999999902 10.049999999999892 10.489999999999883 10.859999999999875 11.169999999999868
7.9 8.659999999999922 9.099999999999913 9.549999999999903 9.999999999999893 10.429999999999884 10.799999999999876 11.08999999999987
8.1 8.609999999999923 9.039999999999914 9.499999999999904 9.949999999999894 10.379999999999885 10.749999999999877 11.049999999999871
8.3 8.529999999999925 8.999999999999915 9.449999999999905 9.889999999999896 10.329999999999886 10.689999999999879 10.979999999999873
8.5 8.509999999999925 8.939999999999916 9.389999999999906 9.839999999999897 10.279999999999887 10.63999999999988 10.939999999999873
8.7 8.459999999999926 8.889999999999917 9.339999999999907 9.789999999999898 10.219999999999889 10.58999999999988 10.879999999999875
8.9 8.389999999999928 8.849999999999918 9.289999999999909 9.739999999999899 10.16999999999989 10.539999999999882 10.839999999999876
9.1 8.339999999999929 8.78999999999992 9.23999999999991 9.6899999999999 10.11999999999989 10.489999999999883 10.789999999999877
9.3 8.26999999999993 8.73999999999992 9.18999999999991 9.639999999999901 10.079999999999892 10.439999999999884 10.749999999999877
9.5 8.239999999999931 8.699999999999921 9.139999999999912 9.589999999999902 10.019999999999893 10.389999999999885 10.679999999999879
9.700000000000001 8.179999999999932 8.639999999999922 9.089999999999913 9.539999999999903 9.979999999999894 10.349999999999886 10.63999999999988
9.9 8.139999999999933 8.599999999999923 9.049999999999914 9.499999999999904 9.929999999999895 10.299999999999887 10.58999999999988
10.1 8.109999999999934 8.559999999999924 8.999999999999915 9.449999999999905 9.879999999999896 10.249999999999888 10.539999999999882
10.3 8.049999999999935 8.509999999999925 8.959999999999916 9.409999999999906 9.839999999999897 10.19999999999989 10.479999999999883
10.5 8.029999999999935 8.459999999999926 8.909999999999917 9.359999999999907 9.789999999999898 10.15999999999989 10.449999999999884
10.700000000000001 7.9799999999999365 8.419999999999927 8.869999999999918 9.319999999999908 9.749999999999899 10.109999999999891 10.379999999999885
10.9 7.909999999999938 8.369999999999928 8.819999999999919 9.269999999999909 9.6999999999999 10.069999999999892 10.359999999999886
11.1 7.859999999999939 8.329999999999929 8.77999999999992 9.22999999999991 9.6599999999999 10.019999999999893 10.309999999999887
11.3 7.849999999999939 8.28999999999993 8.72999999999992 9.179999999999911 9.619999999999902 9.979999999999894 10.269999999999888
11.5 7.79999999999994 8.24999999999993 8.689999999999921 9.139999999999912 9.569999999999903 9.929999999999895 10.229999999999889
11.700000000000001 7.759999999999941 8.199999999999932 8.649999999999922 9.099999999999913 9.529999999999903 9.889999999999896 10.17999999999989
11.9 7.6999999999999424 8.169999999999932 8.609999999999923 9.059999999999913 9.489999999999904 9.849999999999897 10.14999999999989
12.1 7.669999999999943 8.119999999999933 8.569999999999924 9.019999999999914 9.449999999999905 9.809999999999897 10.109999999999891
12.3 7.639999999999944 8.079999999999934 8.529999999999925 8.979999999999915 9.409999999999906 9.769999999999898 10.069999999999892
12.5 7.579999999999945 8.039999999999935 8.489999999999926 8.939999999999916 9.369999999999907 9.7299999999999 10.009999999999893
12.700000000000001 7.559999999999945 8.009999999999936 8.449999999999926 8.899999999999917 9.329999999999908 9.6899999999999 9.989999999999894
12.9 7.519999999999946 7.959999999999937 8.409999999999927 8.859999999999918 9.289999999999909 9.6499999999999 9.939999999999895
13.1 7.469999999999947 7.919999999999938 8.369999999999928 8.819999999999919 9.24999999999991 9.609999999999902 9.889999999999896
13.3 7.449999999999948 7.889999999999938 8.339999999999929 8.77999999999992 9.20999999999991 9.569999999999903 9.869999999999896
13.5 7.389999999999949 7.849999999999939 8.29999999999993 8.73999999999992 9.169999999999911 9.539999999999903 9.819999999999897
13.700000000000001 7.35999999999995 7.80999999999994 8.25999999999993 8.699999999999921 9.139999999999912 9.499999999999904 9.789999999999898
13.9 7.32999999999995 7.769999999999941 8.219999999999931 8.669999999999922 9.099999999999913 9.459999999999905 9.759999999999899
14.1 7.289999999999951 7.729999999999942 8.179999999999932 8.629999999999923 9.069999999999913 9.429999999999906 9.6999999999999
14.3 7.259999999999952 7.6999999999999424 8.149999999999933 8.589999999999923 9.029999999999914 9.389999999999906 9.6699999999999
14.5 7.219999999999953 7.659999999999943 8.109999999999934 8.559999999999924 8.989999999999915 9.349999999999907 9.629999999999901
14.700000000000001 7.1799999999999535 7.629999999999944 8.079999999999934 8.519999999999925 8.959999999999916 9.319999999999908 9.599999999999902
14.9 7.169999999999954 7.589999999999945 8.039999999999935 8.489999999999926 8.919999999999916 9.279999999999909 9.569999999999903
15.1 7.129999999999955 7.559999999999945 7.999999999999936 8.449999999999926 8.889999999999917 9.24999999999991 9.519999999999904
15.3 7.0899999999999554 7.529999999999946 7.9799999999999365 8.419999999999927 8.849999999999918 9.20999999999991 9.489999999999904
15.5 7.0399999999999565 7.489999999999947 7.939999999999937 8.389999999999928 8.819999999999919 9.179999999999911 9.459999999999905
15.700000000000001 7.009999999999957 7.459999999999948 7.899999999999938 8.349999999999929 8.77999999999992 9.139999999999912 9.429999999999906
15.9 6.979999999999958 7.429999999999948 7.879999999999939 8.31999999999993 8.74999999999992 9.109999999999912 9.389999999999906
16.1 6.939999999999959 7.379999999999949 7.8399999999999395 8.28999999999993 8.71999999999992 9.079999999999913 9.349999999999907
16.3 6.919999999999959 7.35999999999995 7.80999999999994 8.24999999999993 8.679999999999922 9.039999999999914 9.319999999999908
16.500000000000004 6.909999999999959 7.32999999999995 7.779999999999941 8.219999999999931 8.649999999999922 9.019999999999914 9.289999999999909
16.700000000000003 6.829999999999961 7.299999999999951 7.739999999999942 8.189999999999932 8.619999999999923 8.979999999999915 9.25999999999991
16.900000000000002 6.839999999999961 7.259999999999952 7.709999999999942 8.159999999999933 8.589999999999923 8.949999999999916 9.22999999999991
17.1 6.779999999999962 7.239999999999952 7.679999999999943 8.129999999999933 8.559999999999924 8.909999999999917 9.18999999999991
17.3 6.749999999999963 7.209999999999953 7.6499999999999435 8.089999999999934 8.519999999999925 8.879999999999917 9.159999999999911
17.500000000000004 6.739999999999963 7.1799999999999535 7.619999999999944 8.059999999999935 8.489999999999926 8.849999999999918 9.129999999999912
17.700000000000003 6.699999999999964 7.149999999999954 7.589999999999945 8.029999999999935 8.459999999999926 8.819999999999919 9.099999999999913
17.900000000000002 6.669999999999964 7.109999999999955 7.559999999999945 7.999999999999936 8.439999999999927 8.78999999999992 9.069999999999913
18.1 6.6199999999999655 7.0899999999999554 7.529999999999946 7.969999999999937 8.399999999999928 8.75999999999992 9.029999999999914
18.3 6.599999999999966 7.049999999999956 7.499999999999947 7.939999999999937 8.379999999999928 8.73999999999992 9.009999999999915
18.500000000000004 6.589999999999966 7.019999999999957 7.469999999999947 7.909999999999938 8.349999999999929 8.699999999999921 8.979999999999915
18.700000000000003 6.529999999999967 6.989999999999958 7.439999999999948 7.889999999999938 8.31999999999993 8.669999999999922 8.939999999999916
18.900000000000002 6.509999999999968 6.969999999999958 7.409999999999949 7.859999999999939 8.28999999999993 8.639999999999922 8.919999999999916
19.1 6.469999999999969 6.929999999999959 7.379999999999949 7.82999999999994 8.25999999999993 8.609999999999923 8.879999999999917
19.300000000000004 6.449999999999969 6.909999999999959 7.34999999999995 7.79999999999994 8.229999999999931 8.579999999999924 8.849999999999918
19.500000000000004 6.459999999999969 6.87999999999996 7.3199999999999505 7.769999999999941 8.199999999999932 8.549999999999924 8.819999999999919
19.700000000000003 6.41999999999997 6.85999999999996 7.299999999999951 7.739999999999942 8.169999999999932 8.529999999999925 8.809999999999919
