example/data/Euclid_Wide_halo.ecsv
# %ECSV 1.0
# ---
# datatype:
# - {name: z, datatype: float64}
# - {name: -3 sigma, datatype: float64}
# - {name: -2 sigma, datatype: float64}
# - {name: -1 sigma, datatype: float64}
# - {name: median, datatype: float64}
# - {name: +1 sigma, datatype: float64}
# - {name: +2 sigma, datatype: float64}
# - {name: +3 sigma, datatype: float64}
# schema: astropy-2.0
z "-3 sigma" "-2 sigma" "-1 sigma" median "+1 sigma" "+2 sigma" "+3 sigma"
0.1 12.429999999999842 12.859999999999832 13.299999999999823 13.739999999999814 14.159999999999805 14.509999999999797 14.729999999999793
0.30000000000000004 12.459999999999841 12.889999999999832 13.329999999999822 13.759999999999813 14.179999999999804 14.519999999999797 14.729999999999793
0.5 12.389999999999842 12.819999999999833 13.249999999999824 13.689999999999815 14.109999999999806 14.449999999999799 14.649999999999794
0.7000000000000001 12.259999999999845 12.719999999999835 13.159999999999826 13.589999999999817 14.009999999999808 14.3499999999998 14.549999999999796
0.9 12.189999999999847 12.609999999999838 13.049999999999828 13.47999999999982 13.89999999999981 14.239999999999803 14.439999999999799
1.1 12.04999999999985 12.50999999999984 12.93999999999983 13.379999999999821 13.799999999999812 14.139999999999805 14.329999999999801
1.3000000000000003 11.939999999999852 12.389999999999842 12.829999999999833 13.269999999999824 13.679999999999815 14.029999999999808 14.209999999999804
1.5000000000000002 11.859999999999854 12.289999999999845 12.719999999999835 13.149999999999826 13.579999999999817 13.91999999999981 14.099999999999806
1.7000000000000002 11.749999999999856 12.179999999999847 12.609999999999838 13.049999999999828 13.46999999999982 13.809999999999812 14.009999999999808
1.9000000000000001 11.629999999999859 12.079999999999849 12.51999999999984 12.94999999999983 13.369999999999822 13.709999999999814 13.89999999999981
2.1 11.52999999999986 11.979999999999851 12.419999999999842 12.849999999999833 13.269999999999824 13.609999999999816 13.799999999999812
2.3000000000000003 11.429999999999863 11.879999999999853 12.319999999999844 12.759999999999835 13.169999999999826 13.509999999999819 13.709999999999814
2.5000000000000004 11.349999999999865 11.789999999999855 12.229999999999846 12.659999999999837 13.079999999999828 13.41999999999982 13.609999999999816
2.7 11.259999999999867 11.699999999999857 12.139999999999848 12.569999999999839 12.98999999999983 13.329999999999822 13.519999999999818
2.9000000000000004 11.159999999999869 11.609999999999859 12.04999999999985 12.48999999999984 12.909999999999831 13.249999999999824 13.43999999999982
3.1 11.09999999999987 11.52999999999986 11.969999999999851 12.399999999999842 12.819999999999833 13.159999999999826 13.349999999999822
3.3000000000000003 11.009999999999872 11.449999999999863 11.879999999999853 12.319999999999844 12.739999999999835 13.079999999999828 13.269999999999824
3.5000000000000004 10.919999999999874 11.369999999999864 11.809999999999855 12.239999999999846 12.659999999999837 12.99999999999983 13.199999999999825
3.7 10.859999999999875 11.289999999999866 11.729999999999857 12.159999999999847 12.589999999999838 12.929999999999831 13.119999999999827
3.9000000000000004 10.759999999999877 11.219999999999867 11.659999999999858 12.089999999999849 12.50999999999984 12.849999999999833 13.049999999999828
4.1 10.709999999999878 11.149999999999869 11.57999999999986 12.01999999999985 12.439999999999841 12.779999999999834 12.96999999999983
4.3 10.63999999999988 11.06999999999987 11.509999999999861 11.939999999999852 12.359999999999843 12.709999999999836 12.909999999999831
4.5 10.569999999999881 10.999999999999872 11.439999999999863 11.869999999999854 12.289999999999845 12.639999999999837 12.829999999999833
4.7 10.479999999999883 10.919999999999874 11.369999999999864 11.809999999999855 12.229999999999846 12.569999999999839 12.769999999999834
4.9 10.409999999999885 10.859999999999875 11.299999999999866 11.729999999999857 12.149999999999848 12.49999999999984 12.699999999999836
5.1 10.359999999999886 10.799999999999876 11.239999999999867 11.669999999999858 12.089999999999849 12.429999999999842 12.639999999999837
5.3 10.279999999999887 10.729999999999878 11.169999999999868 11.59999999999986 12.01999999999985 12.369999999999843 12.559999999999839
5.5 10.229999999999889 10.65999999999988 11.09999999999987 11.52999999999986 11.959999999999852 12.299999999999844 12.49999999999984
5.7 10.16999999999989 10.59999999999988 11.039999999999871 11.469999999999862 11.899999999999853 12.239999999999846 12.439999999999841
5.9 10.089999999999892 10.539999999999882 10.979999999999873 11.409999999999863 11.829999999999854 12.169999999999847 12.379999999999843
6.1 10.039999999999893 10.479999999999883 10.919999999999874 11.349999999999865 11.769999999999856 12.119999999999848 12.309999999999844
6.3 9.969999999999894 10.409999999999885 10.859999999999875 11.289999999999866 11.709999999999857 12.04999999999985 12.259999999999845
6.5 9.929999999999895 10.359999999999886 10.789999999999877 11.229999999999867 11.649999999999858 11.99999999999985 12.199999999999847
6.7 9.859999999999896 10.299999999999887 10.729999999999878 11.169999999999868 11.58999999999986 11.939999999999852 12.139999999999848
6.9 9.789999999999898 10.239999999999888 10.679999999999879 11.10999999999987 11.53999999999986 11.879999999999853 12.079999999999849
7.1 9.749999999999899 10.17999999999989 10.61999999999988 11.05999999999987 11.479999999999862 11.819999999999855 12.01999999999985
7.3 9.6799999999999 10.12999999999989 10.569999999999881 10.999999999999872 11.419999999999863 11.769999999999856 11.969999999999851
7.5 9.619999999999902 10.069999999999892 10.509999999999883 10.949999999999873 11.369999999999864 11.709999999999857 11.909999999999853
7.7 9.559999999999903 10.019999999999893 10.459999999999884 10.889999999999874 11.309999999999865 11.659999999999858 11.869999999999854
7.9 9.509999999999904 9.959999999999894 10.399999999999885 10.829999999999876 11.259999999999867 11.59999999999986 11.799999999999855
8.1 9.469999999999905 9.899999999999896 10.339999999999886 10.779999999999877 11.199999999999868 11.53999999999986 11.759999999999856
8.3 9.409999999999906 9.849999999999897 10.289999999999887 10.729999999999878 11.149999999999869 11.489999999999862 11.709999999999857
8.5 9.349999999999907 9.799999999999898 10.239999999999888 10.679999999999879 11.09999999999987 11.439999999999863 11.649999999999858
8.7 9.309999999999908 9.749999999999899 10.18999999999989 10.62999999999988 11.049999999999871 11.389999999999864 11.59999999999986
8.9 9.23999999999991 9.6999999999999 10.13999999999989 10.579999999999881 10.999999999999872 11.339999999999865 11.54999999999986
9.1 9.20999999999991 9.6499999999999 10.089999999999892 10.529999999999882 10.949999999999873 11.289999999999866 11.499999999999861
9.3 9.149999999999912 9.599999999999902 10.039999999999893 10.479999999999883 10.899999999999874 11.239999999999867 11.449999999999863
9.5 9.109999999999912 9.559999999999903 9.989999999999894 10.429999999999884 10.849999999999875 11.189999999999868 11.399999999999864
9.700000000000001 9.069999999999913 9.509999999999904 9.949999999999894 10.379999999999885 10.799999999999876 11.149999999999869 11.359999999999864
9.9 8.989999999999915 9.449999999999905 9.889999999999896 10.329999999999886 10.749999999999877 11.09999999999987 11.299999999999866
10.1 8.999999999999915 9.419999999999906 9.849999999999897 10.289999999999887 10.709999999999878 11.049999999999871 11.249999999999867
10.3 8.899999999999917 9.359999999999907 9.799999999999898 10.239999999999888 10.65999999999988 10.999999999999872 11.219999999999867
10.5 8.869999999999918 9.319999999999908 9.749999999999899 10.18999999999989 10.60999999999988 10.959999999999873 11.169999999999868
10.700000000000001 8.829999999999918 9.269999999999909 9.7099999999999 10.14999999999989 10.569999999999881 10.909999999999874 11.12999999999987
10.9 8.77999999999992 9.22999999999991 9.6699999999999 10.099999999999891 10.519999999999882 10.869999999999875 11.06999999999987
11.1 8.73999999999992 9.179999999999911 9.619999999999902 10.059999999999892 10.479999999999883 10.819999999999876 11.029999999999871
11.3 8.699999999999921 9.139999999999912 9.579999999999902 10.019999999999893 10.439999999999884 10.779999999999877 10.989999999999872
11.5 8.669999999999922 9.099999999999913 9.539999999999903 9.969999999999894 10.389999999999885 10.739999999999878 10.949999999999873
11.700000000000001 8.619999999999923 9.049999999999914 9.489999999999904 9.929999999999895 10.349999999999886 10.689999999999879 10.909999999999874
11.9 8.559999999999924 8.999999999999915 9.449999999999905 9.889999999999896 10.309999999999887 10.64999999999988 10.859999999999875
12.1 8.509999999999925 8.959999999999916 9.409999999999906 9.839999999999897 10.259999999999888 10.60999999999988 10.829999999999876
12.3 8.479999999999926 8.919999999999916 9.359999999999907 9.799999999999898 10.219999999999889 10.569999999999881 10.779999999999877
12.5 8.449999999999926 8.879999999999917 9.319999999999908 9.759999999999899 10.17999999999989 10.529999999999882 10.739999999999878
12.700000000000001 8.409999999999927 8.839999999999918 9.289999999999909 9.7199999999999 10.13999999999989 10.489999999999883 10.699999999999878
12.9 8.379999999999928 8.809999999999919 9.24999999999991 9.6799999999999 10.099999999999891 10.449999999999884 10.65999999999988
13.1 8.31999999999993 8.75999999999992 9.19999999999991 9.639999999999901 10.059999999999892 10.409999999999885 10.61999999999988
13.3 8.28999999999993 8.72999999999992 9.159999999999911 9.599999999999902 10.019999999999893 10.369999999999886 10.579999999999881
13.5 8.25999999999993 8.679999999999922 9.119999999999912 9.559999999999903 9.979999999999894 10.329999999999886 10.529999999999882
13.700000000000001 8.209999999999932 8.649999999999922 9.089999999999913 9.519999999999904 9.939999999999895 10.289999999999887 10.509999999999883
13.9 8.149999999999933 8.609999999999923 9.049999999999914 9.489999999999904 9.909999999999895 10.249999999999888 10.459999999999884
14.1 8.119999999999933 8.569999999999924 9.009999999999915 9.449999999999905 9.869999999999896 10.219999999999889 10.429999999999884
14.3 8.079999999999934 8.539999999999925 8.969999999999915 9.409999999999906 9.829999999999897 10.16999999999989 10.389999999999885
14.5 8.059999999999935 8.499999999999925 8.939999999999916 9.369999999999907 9.799999999999898 10.13999999999989 10.349999999999886
14.700000000000001 7.989999999999936 8.459999999999926 8.899999999999917 9.339999999999907 9.759999999999899 10.099999999999891 10.319999999999887
14.9 7.9799999999999365 8.419999999999927 8.859999999999918 9.299999999999908 9.7299999999999 10.069999999999892 10.279999999999887
15.1 7.969999999999937 8.389999999999928 8.829999999999918 9.25999999999991 9.6799999999999 10.029999999999893 10.239999999999888
15.3 7.909999999999938 8.349999999999929 8.799999999999919 9.22999999999991 9.6499999999999 9.989999999999894 10.209999999999889
15.5 7.869999999999939 8.31999999999993 8.75999999999992 9.19999999999991 9.619999999999902 9.959999999999894 10.16999999999989
15.700000000000001 7.8399999999999395 8.27999999999993 8.71999999999992 9.159999999999911 9.579999999999902 9.919999999999895 10.13999999999989
15.9 7.81999999999994 8.24999999999993 8.689999999999921 9.129999999999912 9.549999999999903 9.889999999999896 10.099999999999891
16.1 7.779999999999941 8.209999999999932 8.649999999999922 9.089999999999913 9.509999999999904 9.849999999999897 10.059999999999892
16.3 7.719999999999942 8.179999999999932 8.619999999999923 9.059999999999913 9.479999999999905 9.819999999999897 10.029999999999893
16.500000000000004 7.689999999999943 8.139999999999933 8.589999999999923 9.019999999999914 9.439999999999905 9.789999999999898 9.999999999999893
16.700000000000003 7.669999999999943 8.119999999999933 8.559999999999924 8.989999999999915 9.409999999999906 9.759999999999899 9.969999999999894
16.900000000000002 7.6499999999999435 8.079999999999934 8.519999999999925 8.959999999999916 9.379999999999907 9.7199999999999 9.939999999999895
17.1 7.609999999999944 8.049999999999935 8.489999999999926 8.919999999999916 9.339999999999907 9.6899999999999 9.909999999999895
17.3 7.569999999999945 8.019999999999936 8.449999999999926 8.889999999999917 9.309999999999908 9.6599999999999 9.869999999999896
17.500000000000004 7.549999999999946 7.9799999999999365 8.419999999999927 8.859999999999918 9.279999999999909 9.629999999999901 9.839999999999897
17.700000000000003 7.499999999999947 7.949999999999937 8.389999999999928 8.829999999999918 9.24999999999991 9.589999999999902 9.799999999999898
17.900000000000002 7.469999999999947 7.919999999999938 8.359999999999928 8.799999999999919 9.20999999999991 9.559999999999903 9.769999999999898
18.1 7.449999999999948 7.889999999999938 8.329999999999929 8.75999999999992 9.18999999999991 9.529999999999903 9.749999999999899
18.3 7.429999999999948 7.859999999999939 8.29999999999993 8.72999999999992 9.149999999999912 9.499999999999904 9.7099999999999
18.500000000000004 7.399999999999949 7.82999999999994 8.26999999999993 8.709999999999921 9.129999999999912 9.469999999999905 9.6799999999999
18.700000000000003 7.35999999999995 7.7899999999999405 8.229999999999931 8.669999999999922 9.089999999999913 9.439999999999905 9.6499999999999
18.900000000000002 7.309999999999951 7.769999999999941 8.209999999999932 8.639999999999922 9.069999999999913 9.409999999999906 9.619999999999902
19.1 7.299999999999951 7.729999999999942 8.169999999999932 8.609999999999923 9.029999999999914 9.379999999999907 9.589999999999902
19.300000000000004 7.259999999999952 7.709999999999942 8.149999999999933 8.579999999999924 8.999999999999915 9.339999999999907 9.559999999999903
19.500000000000004 7.249999999999952 7.679999999999943 8.119999999999933 8.549999999999924 8.969999999999915 9.319999999999908 9.529999999999903
19.700000000000003 7.209999999999953 7.6499999999999435 8.089999999999934 8.519999999999925 8.949999999999916 9.289999999999909 9.499999999999904
