example/data/Euclid_DF_N_halo.ecsv
# %ECSV 1.0
# ---
# datatype:
# - {name: z, datatype: float64}
# - {name: -3 sigma, datatype: float64}
# - {name: -2 sigma, datatype: float64}
# - {name: -1 sigma, datatype: float64}
# - {name: median, datatype: float64}
# - {name: +1 sigma, datatype: float64}
# - {name: +2 sigma, datatype: float64}
# - {name: +3 sigma, datatype: float64}
# schema: astropy-2.0
z "-3 sigma" "-2 sigma" "-1 sigma" median "+1 sigma" "+2 sigma" "+3 sigma"
0.1 11.669999999999858 12.129999999999848 12.589999999999838 13.049999999999828 13.499999999999819 13.89999999999981 14.229999999999803
0.30000000000000004 11.849999999999854 12.299999999999844 12.749999999999835 13.199999999999825 13.639999999999816 13.999999999999808 14.289999999999802
0.5 11.849999999999854 12.289999999999845 12.739999999999835 13.179999999999826 13.619999999999816 13.979999999999809 14.239999999999803
0.7000000000000001 11.749999999999856 12.209999999999846 12.649999999999837 13.099999999999827 13.529999999999818 13.88999999999981 14.159999999999805
0.9 11.679999999999858 12.119999999999848 12.569999999999839 13.00999999999983 13.43999999999982 13.789999999999813 14.049999999999807
1.1 11.57999999999986 12.01999999999985 12.459999999999841 12.909999999999831 13.329999999999822 13.689999999999815 13.93999999999981
1.3000000000000003 11.489999999999862 11.919999999999852 12.349999999999843 12.799999999999834 13.229999999999825 13.579999999999817 13.829999999999812
1.5000000000000002 11.359999999999864 11.809999999999855 12.249999999999845 12.689999999999836 13.129999999999827 13.47999999999982 13.729999999999814
1.7000000000000002 11.259999999999867 11.709999999999857 12.149999999999848 12.589999999999838 13.019999999999829 13.369999999999822 13.619999999999816
1.9000000000000001 11.169999999999868 11.59999999999986 12.04999999999985 12.48999999999984 12.919999999999831 13.269999999999824 13.519999999999818
2.1 11.049999999999871 11.509999999999861 11.949999999999852 12.399999999999842 12.819999999999833 13.169999999999826 13.41999999999982
2.3000000000000003 10.979999999999873 11.409999999999863 11.859999999999854 12.299999999999844 12.729999999999835 13.079999999999828 13.329999999999822
2.5000000000000004 10.879999999999875 11.319999999999865 11.769999999999856 12.209999999999846 12.629999999999837 12.97999999999983 13.229999999999825
2.7 10.779999999999877 11.229999999999867 11.669999999999858 12.109999999999848 12.53999999999984 12.889999999999832 13.139999999999826
2.9000000000000004 10.699999999999878 11.13999999999987 11.57999999999986 12.01999999999985 12.449999999999841 12.799999999999834 13.059999999999828
3.1 10.61999999999988 11.05999999999987 11.509999999999861 11.939999999999852 12.369999999999843 12.719999999999835 12.95999999999983
3.3000000000000003 10.529999999999882 10.979999999999873 11.419999999999863 11.859999999999854 12.289999999999845 12.639999999999837 12.879999999999832
3.5000000000000004 10.439999999999884 10.889999999999874 11.339999999999865 11.779999999999855 12.209999999999846 12.559999999999839 12.809999999999834
3.7 10.389999999999885 10.809999999999876 11.259999999999867 11.699999999999857 12.129999999999848 12.47999999999984 12.729999999999835
3.9000000000000004 10.289999999999887 10.729999999999878 11.179999999999868 11.619999999999859 12.04999999999985 12.399999999999842 12.649999999999837
4.1 10.219999999999889 10.65999999999988 11.10999999999987 11.54999999999986 11.979999999999851 12.329999999999844 12.579999999999838
4.3 10.14999999999989 10.59999999999988 11.029999999999871 11.479999999999862 11.909999999999853 12.259999999999845 12.50999999999984
4.5 10.069999999999892 10.519999999999882 10.959999999999873 11.409999999999863 11.829999999999854 12.189999999999847 12.429999999999842
4.7 9.989999999999894 10.449999999999884 10.889999999999874 11.329999999999865 11.759999999999856 12.109999999999848 12.369999999999843
4.9 9.919999999999895 10.369999999999886 10.819999999999876 11.269999999999866 11.699999999999857 12.04999999999985 12.289999999999845
5.1 9.849999999999897 10.309999999999887 10.749999999999877 11.189999999999868 11.619999999999859 11.979999999999851 12.229999999999846
5.3 9.789999999999898 10.249999999999888 10.689999999999879 11.12999999999987 11.54999999999986 11.909999999999853 12.159999999999847
5.5 9.7299999999999 10.17999999999989 10.61999999999988 11.06999999999987 11.489999999999862 11.839999999999854 12.089999999999849
5.7 9.6599999999999 10.109999999999891 10.559999999999881 10.999999999999872 11.429999999999863 11.779999999999855 12.02999999999985
5.9 9.599999999999902 10.049999999999892 10.489999999999883 10.939999999999873 11.359999999999864 11.709999999999857 11.949999999999852
6.1 9.539999999999903 9.989999999999894 10.429999999999884 10.869999999999875 11.299999999999866 11.649999999999858 11.909999999999853
6.3 9.489999999999904 9.929999999999895 10.369999999999886 10.809999999999876 11.239999999999867 11.58999999999986 11.839999999999854
6.5 9.409999999999906 9.859999999999896 10.309999999999887 10.749999999999877 11.169999999999868 11.52999999999986 11.779999999999855
6.7 9.359999999999907 9.799999999999898 10.239999999999888 10.689999999999879 11.11999999999987 11.469999999999862 11.719999999999857
6.9 9.299999999999908 9.749999999999899 10.18999999999989 10.62999999999988 11.05999999999987 11.409999999999863 11.669999999999858
7.1 9.24999999999991 9.6899999999999 10.12999999999989 10.569999999999881 10.999999999999872 11.349999999999865 11.59999999999986
7.3 9.18999999999991 9.629999999999901 10.069999999999892 10.519999999999882 10.949999999999873 11.289999999999866 11.54999999999986
7.5 9.119999999999912 9.569999999999903 10.019999999999893 10.459999999999884 10.879999999999875 11.239999999999867 11.489999999999862
7.7 9.069999999999913 9.519999999999904 9.959999999999894 10.399999999999885 10.829999999999876 11.189999999999868 11.439999999999863
7.9 8.999999999999915 9.449999999999905 9.899999999999896 10.349999999999886 10.769999999999877 11.12999999999987 11.379999999999864
8.1 8.959999999999916 9.399999999999906 9.849999999999897 10.289999999999887 10.719999999999878 11.06999999999987 11.329999999999865
8.3 8.909999999999917 9.349999999999907 9.789999999999898 10.239999999999888 10.66999999999988 11.019999999999872 11.269999999999866
8.5 8.859999999999918 9.299999999999908 9.739999999999899 10.18999999999989 10.60999999999988 10.969999999999873 11.219999999999867
8.7 8.799999999999919 9.24999999999991 9.6899999999999 10.12999999999989 10.559999999999881 10.919999999999874 11.179999999999868
8.9 8.75999999999992 9.19999999999991 9.639999999999901 10.079999999999892 10.509999999999883 10.859999999999875 11.10999999999987
9.1 8.689999999999921 9.149999999999912 9.589999999999902 10.029999999999893 10.459999999999884 10.809999999999876 11.06999999999987
9.3 8.639999999999922 9.089999999999913 9.539999999999903 9.979999999999894 10.409999999999885 10.759999999999877 11.019999999999872
9.5 8.599999999999923 9.049999999999914 9.489999999999904 9.929999999999895 10.359999999999886 10.719999999999878 10.969999999999873
9.700000000000001 8.549999999999924 8.999999999999915 9.439999999999905 9.879999999999896 10.309999999999887 10.65999999999988 10.909999999999874
9.9 8.519999999999925 8.949999999999916 9.389999999999906 9.829999999999897 10.259999999999888 10.61999999999988 10.879999999999875
10.1 8.469999999999926 8.899999999999917 9.349999999999907 9.789999999999898 10.219999999999889 10.569999999999881 10.829999999999876
10.3 8.399999999999928 8.859999999999918 9.299999999999908 9.739999999999899 10.16999999999989 10.519999999999882 10.779999999999877
10.5 8.359999999999928 8.809999999999919 9.25999999999991 9.6999999999999 10.12999999999989 10.479999999999883 10.739999999999878
10.700000000000001 8.31999999999993 8.75999999999992 9.20999999999991 9.6499999999999 10.079999999999892 10.429999999999884 10.689999999999879
10.9 8.27999999999993 8.71999999999992 9.159999999999911 9.609999999999902 10.039999999999893 10.389999999999885 10.63999999999988
11.1 8.239999999999931 8.669999999999922 9.119999999999912 9.559999999999903 9.989999999999894 10.339999999999886 10.59999999999988
11.3 8.189999999999932 8.629999999999923 9.069999999999913 9.519999999999904 9.949999999999894 10.309999999999887 10.559999999999881
11.5 8.149999999999933 8.589999999999923 9.029999999999914 9.479999999999905 9.899999999999896 10.249999999999888 10.519999999999882
11.700000000000001 8.099999999999934 8.549999999999924 8.989999999999915 9.429999999999906 9.859999999999896 10.209999999999889 10.459999999999884
11.9 8.059999999999935 8.499999999999925 8.949999999999916 9.389999999999906 9.819999999999897 10.16999999999989 10.439999999999884
12.1 8.029999999999935 8.459999999999926 8.909999999999917 9.349999999999907 9.779999999999898 10.12999999999989 10.379999999999885
12.3 7.969999999999937 8.429999999999927 8.869999999999918 9.309999999999908 9.7299999999999 10.089999999999892 10.349999999999886
12.5 7.9299999999999375 8.389999999999928 8.829999999999918 9.269999999999909 9.6999999999999 10.049999999999892 10.299999999999887
12.700000000000001 7.899999999999938 8.349999999999929 8.78999999999992 9.21999999999991 9.6499999999999 10.009999999999893 10.259999999999888
12.9 7.8399999999999395 8.28999999999993 8.73999999999992 9.18999999999991 9.619999999999902 9.969999999999894 10.229999999999889
13.1 7.81999999999994 8.25999999999993 8.709999999999921 9.149999999999912 9.579999999999902 9.919999999999895 10.17999999999989
13.3 7.769999999999941 8.219999999999931 8.669999999999922 9.109999999999912 9.539999999999903 9.889999999999896 10.13999999999989
13.5 7.749999999999941 8.189999999999932 8.629999999999923 9.069999999999913 9.499999999999904 9.849999999999897 10.099999999999891
13.700000000000001 7.709999999999942 8.149999999999933 8.589999999999923 9.039999999999914 9.459999999999905 9.809999999999897 10.059999999999892
13.9 7.659999999999943 8.109999999999934 8.559999999999924 8.999999999999915 9.429999999999906 9.779999999999898 10.019999999999893
14.1 7.639999999999944 8.079999999999934 8.519999999999925 8.959999999999916 9.379999999999907 9.739999999999899 9.999999999999893
14.3 7.599999999999945 8.029999999999935 8.479999999999926 8.919999999999916 9.349999999999907 9.6999999999999 9.949999999999894
14.5 7.569999999999945 8.009999999999936 8.439999999999927 8.879999999999917 9.309999999999908 9.6699999999999 9.909999999999895
14.700000000000001 7.529999999999946 7.959999999999937 8.399999999999928 8.849999999999918 9.269999999999909 9.629999999999901 9.879999999999896
14.9 7.499999999999947 7.9299999999999375 8.369999999999928 8.809999999999919 9.23999999999991 9.589999999999902 9.839999999999897
15.1 7.449999999999948 7.899999999999938 8.339999999999929 8.77999999999992 9.20999999999991 9.559999999999903 9.809999999999897
15.3 7.389999999999949 7.859999999999939 8.29999999999993 8.73999999999992 9.169999999999911 9.519999999999904 9.759999999999899
15.5 7.3699999999999495 7.81999999999994 8.26999999999993 8.709999999999921 9.139999999999912 9.479999999999905 9.739999999999899
15.700000000000001 7.34999999999995 7.7899999999999405 8.229999999999931 8.669999999999922 9.099999999999913 9.449999999999905 9.7099999999999
15.9 7.309999999999951 7.749999999999941 8.199999999999932 8.639999999999922 9.069999999999913 9.419999999999906 9.6699999999999
16.1 7.279999999999951 7.729999999999942 8.159999999999933 8.609999999999923 9.029999999999914 9.379999999999907 9.619999999999902
16.3 7.249999999999952 7.689999999999943 8.129999999999933 8.569999999999924 8.999999999999915 9.349999999999907 9.609999999999902
16.500000000000004 7.209999999999953 7.659999999999943 8.099999999999934 8.539999999999925 8.959999999999916 9.309999999999908 9.569999999999903
16.700000000000003 7.169999999999954 7.629999999999944 8.069999999999935 8.499999999999925 8.929999999999916 9.279999999999909 9.519999999999904
16.900000000000002 7.129999999999955 7.579999999999945 8.029999999999935 8.469999999999926 8.899999999999917 9.24999999999991 9.509999999999904
17.1 7.109999999999955 7.559999999999945 7.999999999999936 8.439999999999927 8.869999999999918 9.21999999999991 9.469999999999905
17.3 7.0899999999999554 7.529999999999946 7.969999999999937 8.409999999999927 8.829999999999918 9.18999999999991 9.429999999999906
17.500000000000004 7.059999999999956 7.489999999999947 7.939999999999937 8.379999999999928 8.799999999999919 9.159999999999911 9.409999999999906
17.700000000000003 7.009999999999957 7.459999999999948 7.909999999999938 8.339999999999929 8.76999999999992 9.119999999999912 9.379999999999907
17.900000000000002 6.999999999999957 7.429999999999948 7.869999999999939 8.31999999999993 8.74999999999992 9.089999999999913 9.339999999999907
18.1 6.959999999999958 7.399999999999949 7.849999999999939 8.28999999999993 8.709999999999921 9.059999999999913 9.309999999999908
18.3 6.929999999999959 7.3699999999999495 7.81999999999994 8.25999999999993 8.679999999999922 9.029999999999914 9.289999999999909
18.500000000000004 6.8999999999999595 7.33999999999995 7.779999999999941 8.219999999999931 8.649999999999922 8.999999999999915 9.23999999999991
18.700000000000003 6.87999999999996 7.309999999999951 7.749999999999941 8.189999999999932 8.619999999999923 8.969999999999915 9.20999999999991
18.900000000000002 6.829999999999961 7.289999999999951 7.719999999999942 8.159999999999933 8.589999999999923 8.939999999999916 9.179999999999911
19.1 6.819999999999961 7.259999999999952 7.6999999999999424 8.139999999999933 8.559999999999924 8.909999999999917 9.159999999999911
19.300000000000004 6.779999999999962 7.219999999999953 7.659999999999943 8.099999999999934 8.529999999999925 8.889999999999917 9.129999999999912
19.500000000000004 6.739999999999963 7.189999999999953 7.639999999999944 8.079999999999934 8.499999999999925 8.849999999999918 9.089999999999913
19.700000000000003 6.7099999999999635 7.169999999999954 7.609999999999944 8.049999999999935 8.479999999999926 8.829999999999918 9.079999999999913
