example/data/JADES_stellar.ecsv
# %ECSV 1.0
# ---
# datatype:
# - {name: z, datatype: float64}
# - {name: -3 sigma, datatype: float64}
# - {name: -2 sigma, datatype: float64}
# - {name: -1 sigma, datatype: float64}
# - {name: median, datatype: float64}
# - {name: +1 sigma, datatype: float64}
# - {name: +2 sigma, datatype: float64}
# - {name: +3 sigma, datatype: float64}
# schema: astropy-2.0
z "-3 sigma" "-2 sigma" "-1 sigma" median "+1 sigma" "+2 sigma" "+3 sigma"
0.1 9.989999999999894 10.509999999999883 11.05999999999987 11.629999999999859 12.229999999999846 12.849999999999833 13.46999999999982
0.30000000000000004 10.61999999999988 11.12999999999987 11.639999999999858 12.159999999999847 12.679999999999836 13.189999999999825 13.689999999999815
0.5 10.809999999999876 11.299999999999866 11.799999999999855 12.289999999999845 12.779999999999834 13.249999999999824 13.699999999999815
0.7000000000000001 10.819999999999876 11.299999999999866 11.789999999999855 12.279999999999845 12.749999999999835 13.199999999999825 13.629999999999816
0.9 10.799999999999876 11.279999999999866 11.749999999999856 12.229999999999846 12.699999999999836 13.129999999999827 13.529999999999818
1.1 10.749999999999877 11.199999999999868 11.679999999999858 12.149999999999848 12.619999999999838 13.049999999999828 13.43999999999982
1.3000000000000003 10.64999999999988 11.11999999999987 11.59999999999986 12.06999999999985 12.52999999999984 12.94999999999983 13.309999999999823
1.5000000000000002 10.569999999999881 11.049999999999871 11.519999999999861 11.989999999999851 12.449999999999841 12.849999999999833 13.229999999999825
1.7000000000000002 10.489999999999883 10.959999999999873 11.419999999999863 11.889999999999853 12.349999999999843 12.759999999999835 13.119999999999827
1.9000000000000001 10.409999999999885 10.879999999999875 11.339999999999865 11.799999999999855 12.259999999999845 12.659999999999837 13.029999999999829
2.1 10.329999999999886 10.779999999999877 11.259999999999867 11.719999999999857 12.169999999999847 12.569999999999839 12.919999999999831
2.3000000000000003 10.239999999999888 10.699999999999878 11.169999999999868 11.629999999999859 12.079999999999849 12.47999999999984 12.819999999999833
2.5000000000000004 10.15999999999989 10.61999999999988 11.07999999999987 11.53999999999986 11.99999999999985 12.389999999999842 12.729999999999835
2.7 10.079999999999892 10.539999999999882 10.999999999999872 11.459999999999862 11.909999999999853 12.299999999999844 12.649999999999837
2.9000000000000004 10.009999999999893 10.449999999999884 10.909999999999874 11.369999999999864 11.819999999999855 12.219999999999846 12.579999999999838
3.1 9.899999999999896 10.369999999999886 10.829999999999876 11.289999999999866 11.739999999999856 12.129999999999848 12.46999999999984
3.3000000000000003 9.829999999999897 10.299999999999887 10.749999999999877 11.219999999999867 11.659999999999858 12.04999999999985 12.389999999999842
3.5000000000000004 9.759999999999899 10.219999999999889 10.679999999999879 11.13999999999987 11.58999999999986 11.979999999999851 12.329999999999844
3.7 9.6999999999999 10.13999999999989 10.59999999999988 11.05999999999987 11.509999999999861 11.899999999999853 12.239999999999846
3.9000000000000004 9.599999999999902 10.069999999999892 10.519999999999882 10.979999999999873 11.429999999999863 11.819999999999855 12.149999999999848
4.1 9.549999999999903 9.999999999999893 10.459999999999884 10.919999999999874 11.359999999999864 11.749999999999856 12.06999999999985
4.3 9.479999999999905 9.929999999999895 10.389999999999885 10.839999999999876 11.289999999999866 11.679999999999858 12.01999999999985
4.5 9.419999999999906 9.859999999999896 10.319999999999887 10.769999999999877 11.219999999999867 11.59999999999986 11.959999999999852
4.7 9.339999999999907 9.789999999999898 10.249999999999888 10.709999999999878 11.149999999999869 11.53999999999986 11.869999999999854
4.9 9.279999999999909 9.7199999999999 10.17999999999989 10.63999999999988 11.07999999999987 11.469999999999862 11.799999999999855
5.1 9.18999999999991 9.6599999999999 10.109999999999891 10.569999999999881 11.019999999999872 11.399999999999864 11.729999999999857
5.3 9.139999999999912 9.589999999999902 10.049999999999892 10.499999999999883 10.949999999999873 11.329999999999865 11.669999999999858
5.5 9.079999999999913 9.529999999999903 9.979999999999894 10.439999999999884 10.889999999999874 11.259999999999867 11.59999999999986
5.7 9.029999999999914 9.459999999999905 9.919999999999895 10.379999999999885 10.819999999999876 11.209999999999868 11.53999999999986
5.9 8.939999999999916 9.399999999999906 9.859999999999896 10.319999999999887 10.759999999999877 11.13999999999987 11.469999999999862
6.1 8.889999999999917 9.329999999999908 9.799999999999898 10.249999999999888 10.699999999999878 11.07999999999987 11.409999999999863
6.3 8.819999999999919 9.279999999999909 9.739999999999899 10.18999999999989 10.63999999999988 11.019999999999872 11.349999999999865
6.5 8.75999999999992 9.21999999999991 9.6799999999999 10.13999999999989 10.579999999999881 10.959999999999873 11.289999999999866
6.7 8.71999999999992 9.159999999999911 9.619999999999902 10.079999999999892 10.509999999999883 10.889999999999874 11.229999999999867
6.9 8.649999999999922 9.109999999999912 9.559999999999903 10.019999999999893 10.459999999999884 10.839999999999876 11.169999999999868
7.1 8.609999999999923 9.059999999999913 9.509999999999904 9.959999999999894 10.399999999999885 10.779999999999877 11.11999999999987
7.3 8.539999999999925 8.989999999999915 9.449999999999905 9.899999999999896 10.349999999999886 10.729999999999878 11.049999999999871
7.5 8.469999999999926 8.939999999999916 9.389999999999906 9.849999999999897 10.289999999999887 10.679999999999879 10.999999999999872
7.7 8.449999999999926 8.889999999999917 9.339999999999907 9.789999999999898 10.239999999999888 10.60999999999988 10.949999999999873
7.9 8.379999999999928 8.829999999999918 9.279999999999909 9.739999999999899 10.17999999999989 10.549999999999882 10.879999999999875
8.1 8.349999999999929 8.76999999999992 9.22999999999991 9.6799999999999 10.12999999999989 10.509999999999883 10.839999999999876
8.3 8.26999999999993 8.72999999999992 9.179999999999911 9.629999999999901 10.069999999999892 10.449999999999884 10.779999999999877
8.5 8.209999999999932 8.669999999999922 9.129999999999912 9.579999999999902 10.019999999999893 10.389999999999885 10.729999999999878
8.7 8.159999999999933 8.619999999999923 9.079999999999913 9.529999999999903 9.969999999999894 10.349999999999886 10.65999999999988
8.9 8.129999999999933 8.579999999999924 9.029999999999914 9.479999999999905 9.919999999999895 10.299999999999887 10.62999999999988
9.1 8.049999999999935 8.529999999999925 8.979999999999915 9.429999999999906 9.869999999999896 10.249999999999888 10.569999999999881
9.3 8.049999999999935 8.479999999999926 8.929999999999916 9.379999999999907 9.829999999999897 10.19999999999989 10.539999999999882
9.5 7.9799999999999365 8.439999999999927 8.879999999999917 9.339999999999907 9.769999999999898 10.14999999999989 10.459999999999884
9.700000000000001 7.909999999999938 8.379999999999928 8.839999999999918 9.279999999999909 9.7299999999999 10.099999999999891 10.419999999999884
9.9 7.909999999999938 8.339999999999929 8.78999999999992 9.23999999999991 9.6799999999999 10.059999999999892 10.369999999999886
10.1 7.8399999999999395 8.28999999999993 8.74999999999992 9.19999999999991 9.639999999999901 10.009999999999893 10.349999999999886
10.3 7.80999999999994 8.24999999999993 8.699999999999921 9.149999999999912 9.589999999999902 9.969999999999894 10.289999999999887
10.5 7.739999999999942 8.199999999999932 8.649999999999922 9.109999999999912 9.549999999999903 9.919999999999895 10.239999999999888
10.700000000000001 7.729999999999942 8.159999999999933 8.609999999999923 9.059999999999913 9.499999999999904 9.869999999999896 10.18999999999989
10.9 7.679999999999943 8.109999999999934 8.569999999999924 9.019999999999914 9.459999999999905 9.829999999999897 10.13999999999989
11.1 7.629999999999944 8.079999999999934 8.519999999999925 8.979999999999915 9.419999999999906 9.789999999999898 10.109999999999891
11.3 7.569999999999945 8.029999999999935 8.479999999999926 8.929999999999916 9.379999999999907 9.749999999999899 10.059999999999892
11.5 7.539999999999946 7.989999999999936 8.439999999999927 8.889999999999917 9.329999999999908 9.6999999999999 10.019999999999893
11.700000000000001 7.5099999999999465 7.949999999999937 8.399999999999928 8.849999999999918 9.289999999999909 9.6599999999999 9.979999999999894
11.9 7.469999999999947 7.899999999999938 8.359999999999928 8.809999999999919 9.24999999999991 9.619999999999902 9.919999999999895
12.1 7.409999999999949 7.869999999999939 8.31999999999993 8.76999999999992 9.20999999999991 9.579999999999902 9.899999999999896
12.3 7.3699999999999495 7.82999999999994 8.27999999999993 8.72999999999992 9.169999999999911 9.539999999999903 9.859999999999896
12.5 7.33999999999995 7.7899999999999405 8.239999999999931 8.689999999999921 9.129999999999912 9.499999999999904 9.809999999999897
12.700000000000001 7.299999999999951 7.749999999999941 8.199999999999932 8.649999999999922 9.089999999999913 9.459999999999905 9.759999999999899
12.9 7.249999999999952 7.709999999999942 8.169999999999932 8.609999999999923 9.049999999999914 9.419999999999906 9.7199999999999
13.1 7.239999999999952 7.679999999999943 8.129999999999933 8.579999999999924 9.019999999999914 9.379999999999907 9.7099999999999
13.3 7.199999999999953 7.639999999999944 8.089999999999934 8.539999999999925 8.969999999999915 9.339999999999907 9.6599999999999
13.5 7.159999999999954 7.599999999999945 8.059999999999935 8.499999999999925 8.939999999999916 9.309999999999908 9.619999999999902
13.700000000000001 7.139999999999954 7.569999999999945 8.019999999999936 8.459999999999926 8.899999999999917 9.269999999999909 9.589999999999902
13.9 7.079999999999956 7.529999999999946 7.989999999999936 8.429999999999927 8.869999999999918 9.22999999999991 9.549999999999903
14.1 7.0399999999999565 7.489999999999947 7.939999999999937 8.389999999999928 8.829999999999918 9.19999999999991 9.499999999999904
14.3 6.999999999999957 7.449999999999948 7.909999999999938 8.359999999999928 8.78999999999992 9.159999999999911 9.469999999999905
14.5 6.969999999999958 7.429999999999948 7.869999999999939 8.31999999999993 8.75999999999992 9.129999999999912 9.439999999999905
14.700000000000001 6.949999999999958 7.389999999999949 7.8399999999999395 8.28999999999993 8.72999999999992 9.089999999999913 9.409999999999906
14.9 6.909999999999959 7.34999999999995 7.79999999999994 8.24999999999993 8.689999999999921 9.059999999999913 9.369999999999907
15.1 6.86999999999996 7.3199999999999505 7.769999999999941 8.219999999999931 8.659999999999922 9.019999999999914 9.319999999999908
15.3 6.849999999999961 7.289999999999951 7.739999999999942 8.189999999999932 8.619999999999923 8.989999999999915 9.299999999999908
15.5 6.799999999999962 7.249999999999952 7.6999999999999424 8.149999999999933 8.589999999999923 8.949999999999916 9.24999999999991
15.700000000000001 6.769999999999962 7.219999999999953 7.669999999999943 8.119999999999933 8.549999999999924 8.919999999999916 9.22999999999991
15.9 6.729999999999963 7.189999999999953 7.639999999999944 8.089999999999934 8.519999999999925 8.889999999999917 9.19999999999991
16.1 6.7099999999999635 7.159999999999954 7.609999999999944 8.059999999999935 8.499999999999925 8.859999999999918 9.159999999999911
16.3 6.679999999999964 7.129999999999955 7.579999999999945 8.029999999999935 8.459999999999926 8.819999999999919 9.149999999999912
16.500000000000004 6.659999999999965 7.099999999999955 7.539999999999946 7.989999999999936 8.429999999999927 8.78999999999992 9.109999999999912
16.700000000000003 6.6199999999999655 7.069999999999956 7.5099999999999465 7.959999999999937 8.399999999999928 8.75999999999992 9.059999999999913
16.900000000000002 6.609999999999966 7.0399999999999565 7.479999999999947 7.9299999999999375 8.359999999999928 8.72999999999992 9.019999999999914
17.1 6.549999999999967 7.009999999999957 7.449999999999948 7.899999999999938 8.329999999999929 8.699999999999921 9.009999999999915
17.3 6.509999999999968 6.969999999999958 7.419999999999948 7.869999999999939 8.29999999999993 8.669999999999922 8.979999999999915
17.500000000000004 6.489999999999968 6.949999999999958 7.389999999999949 7.8399999999999395 8.26999999999993 8.639999999999922 8.939999999999916
17.700000000000003 6.459999999999969 6.919999999999959 7.35999999999995 7.80999999999994 8.239999999999931 8.609999999999923 8.909999999999917
17.900000000000002 6.4299999999999695 6.87999999999996 7.33999999999995 7.779999999999941 8.219999999999931 8.579999999999924 8.889999999999917
18.1 6.39999999999997 6.85999999999996 7.299999999999951 7.749999999999941 8.179999999999932 8.549999999999924 8.829999999999918
18.3 6.379999999999971 6.829999999999961 7.269999999999952 7.719999999999942 8.149999999999933 8.519999999999925 8.819999999999919
18.500000000000004 6.359999999999971 6.789999999999962 7.239999999999952 7.689999999999943 8.119999999999933 8.489999999999926 8.77999999999992
18.700000000000003 6.329999999999972 6.769999999999962 7.219999999999953 7.659999999999943 8.099999999999934 8.459999999999926 8.76999999999992
18.900000000000002 6.299999999999972 6.739999999999963 7.189999999999953 7.629999999999944 8.069999999999935 8.429999999999927 8.72999999999992
19.1 6.279999999999973 6.7099999999999635 7.159999999999954 7.609999999999944 8.039999999999935 8.399999999999928 8.709999999999921
19.300000000000004 6.239999999999974 6.679999999999964 7.129999999999955 7.579999999999945 8.009999999999936 8.369999999999928 8.689999999999921
19.500000000000004 6.239999999999974 6.659999999999965 7.099999999999955 7.549999999999946 7.9799999999999365 8.349999999999929 8.649999999999922
19.700000000000003 6.209999999999974 6.629999999999965 7.079999999999956 7.519999999999946 7.949999999999937 8.31999999999993 8.619999999999923
