example/data/Roman_HLWAS_stellar.ecsv
# %ECSV 1.0
# ---
# datatype:
# - {name: z, datatype: float64}
# - {name: -3 sigma, datatype: float64}
# - {name: -2 sigma, datatype: float64}
# - {name: -1 sigma, datatype: float64}
# - {name: median, datatype: float64}
# - {name: +1 sigma, datatype: float64}
# - {name: +2 sigma, datatype: float64}
# - {name: +3 sigma, datatype: float64}
# schema: astropy-2.0
z "-3 sigma" "-2 sigma" "-1 sigma" median "+1 sigma" "+2 sigma" "+3 sigma"
0.1 12.239999999999846 12.679999999999836 13.129999999999827 13.569999999999817 13.999999999999808 14.3499999999998 14.589999999999796
0.30000000000000004 12.289999999999845 12.739999999999835 13.179999999999826 13.609999999999816 14.039999999999807 14.3799999999998 14.609999999999795
0.5 12.219999999999846 12.669999999999837 13.119999999999827 13.549999999999818 13.979999999999809 14.319999999999801 14.539999999999797
0.7000000000000001 12.149999999999848 12.579999999999838 13.019999999999829 13.45999999999982 13.87999999999981 14.229999999999803 14.429999999999799
0.9 12.05999999999985 12.47999999999984 12.919999999999831 13.349999999999822 13.769999999999813 14.119999999999806 14.319999999999801
1.1 11.929999999999852 12.369999999999843 12.809999999999834 13.249999999999824 13.669999999999815 14.009999999999808 14.209999999999804
1.3000000000000003 11.839999999999854 12.269999999999845 12.699999999999836 13.139999999999826 13.559999999999818 13.89999999999981 14.109999999999806
1.5000000000000002 11.719999999999857 12.159999999999847 12.589999999999838 13.029999999999829 13.44999999999982 13.789999999999813 13.999999999999808
1.7000000000000002 11.59999999999986 12.04999999999985 12.48999999999984 12.919999999999831 13.349999999999822 13.689999999999815 13.88999999999981
1.9000000000000001 11.52999999999986 11.949999999999852 12.389999999999842 12.819999999999833 13.239999999999824 13.589999999999817 13.789999999999813
2.1 11.399999999999864 11.839999999999854 12.289999999999845 12.729999999999835 13.149999999999826 13.489999999999819 13.689999999999815
2.3000000000000003 11.309999999999865 11.749999999999856 12.189999999999847 12.629999999999837 13.049999999999828 13.389999999999821 13.599999999999817
2.5000000000000004 11.229999999999867 11.649999999999858 12.099999999999849 12.53999999999984 12.95999999999983 13.299999999999823 13.499999999999819
2.7 11.12999999999987 11.56999999999986 12.00999999999985 12.449999999999841 12.869999999999832 13.209999999999825 13.41999999999982
2.9000000000000004 11.029999999999871 11.479999999999862 11.919999999999852 12.359999999999843 12.779999999999834 13.119999999999827 13.329999999999822
3.1 10.939999999999873 11.389999999999864 11.829999999999854 12.269999999999845 12.699999999999836 13.039999999999829 13.239999999999824
3.3000000000000003 10.859999999999875 11.309999999999865 11.749999999999856 12.189999999999847 12.609999999999838 12.95999999999983 13.169999999999826
3.5000000000000004 10.809999999999876 11.239999999999867 11.679999999999858 12.109999999999848 12.52999999999984 12.879999999999832 13.079999999999828
3.7 10.709999999999878 11.159999999999869 11.59999999999986 12.03999999999985 12.459999999999841 12.799999999999834 13.00999999999983
3.9000000000000004 10.64999999999988 11.07999999999987 11.519999999999861 11.959999999999852 12.379999999999843 12.719999999999835 12.929999999999831
4.1 10.579999999999881 11.009999999999872 11.449999999999863 11.879999999999853 12.309999999999844 12.649999999999837 12.859999999999832
4.3 10.499999999999883 10.929999999999874 11.369999999999864 11.809999999999855 12.229999999999846 12.579999999999838 12.789999999999834
4.5 10.419999999999884 10.869999999999875 11.309999999999865 11.739999999999856 12.159999999999847 12.49999999999984 12.709999999999836
4.7 10.349999999999886 10.789999999999877 11.229999999999867 11.669999999999858 12.089999999999849 12.429999999999842 12.649999999999837
4.9 10.289999999999887 10.719999999999878 11.159999999999869 11.59999999999986 12.02999999999985 12.369999999999843 12.579999999999838
5.1 10.19999999999989 10.64999999999988 11.09999999999987 11.53999999999986 11.959999999999852 12.299999999999844 12.50999999999984
5.3 10.13999999999989 10.59999999999988 11.029999999999871 11.469999999999862 11.889999999999853 12.229999999999846 12.449999999999841
5.5 10.089999999999892 10.519999999999882 10.969999999999873 11.399999999999864 11.819999999999855 12.169999999999847 12.369999999999843
5.7 10.029999999999893 10.469999999999883 10.899999999999874 11.339999999999865 11.759999999999856 12.099999999999849 12.309999999999844
5.9 9.969999999999894 10.399999999999885 10.839999999999876 11.269999999999866 11.699999999999857 12.03999999999985 12.259999999999845
6.1 9.899999999999896 10.339999999999886 10.779999999999877 11.209999999999868 11.639999999999858 11.979999999999851 12.189999999999847
6.3 9.849999999999897 10.279999999999887 10.719999999999878 11.149999999999869 11.56999999999986 11.919999999999852 12.129999999999848
6.5 9.779999999999898 10.219999999999889 10.65999999999988 11.08999999999987 11.509999999999861 11.859999999999854 12.06999999999985
6.7 9.7099999999999 10.14999999999989 10.59999999999988 11.029999999999871 11.459999999999862 11.799999999999855 12.01999999999985
6.9 9.6599999999999 10.099999999999891 10.539999999999882 10.969999999999873 11.399999999999864 11.739999999999856 11.959999999999852
7.1 9.589999999999902 10.039999999999893 10.479999999999883 10.919999999999874 11.339999999999865 11.679999999999858 11.899999999999853
7.3 9.549999999999903 9.979999999999894 10.419999999999884 10.859999999999875 11.279999999999866 11.629999999999859 11.849999999999854
7.5 9.499999999999904 9.919999999999895 10.359999999999886 10.799999999999876 11.229999999999867 11.56999999999986 11.789999999999855
7.7 9.449999999999905 9.869999999999896 10.309999999999887 10.749999999999877 11.169999999999868 11.519999999999861 11.729999999999857
7.9 9.369999999999907 9.809999999999897 10.259999999999888 10.689999999999879 11.10999999999987 11.459999999999862 11.669999999999858
8.1 9.319999999999908 9.759999999999899 10.19999999999989 10.63999999999988 11.05999999999987 11.409999999999863 11.619999999999859
8.3 9.269999999999909 9.7099999999999 10.14999999999989 10.58999999999988 11.009999999999872 11.349999999999865 11.56999999999986
8.5 9.20999999999991 9.6599999999999 10.089999999999892 10.529999999999882 10.949999999999873 11.299999999999866 11.52999999999986
8.7 9.169999999999911 9.599999999999902 10.049999999999892 10.479999999999883 10.909999999999874 11.249999999999867 11.469999999999862
8.9 9.109999999999912 9.549999999999903 9.989999999999894 10.429999999999884 10.859999999999875 11.199999999999868 11.419999999999863
9.1 9.049999999999914 9.499999999999904 9.939999999999895 10.379999999999885 10.809999999999876 11.149999999999869 11.369999999999864
9.3 8.999999999999915 9.449999999999905 9.889999999999896 10.329999999999886 10.749999999999877 11.09999999999987 11.319999999999865
9.5 8.959999999999916 9.409999999999906 9.839999999999897 10.279999999999887 10.699999999999878 11.049999999999871 11.289999999999866
9.700000000000001 8.899999999999917 9.349999999999907 9.789999999999898 10.229999999999889 10.65999999999988 11.009999999999872 11.229999999999867
9.9 8.889999999999917 9.299999999999908 9.749999999999899 10.18999999999989 10.60999999999988 10.949999999999873 11.179999999999868
10.1 8.819999999999919 9.25999999999991 9.6999999999999 10.13999999999989 10.559999999999881 10.909999999999874 11.13999999999987
10.3 8.75999999999992 9.21999999999991 9.6499999999999 10.089999999999892 10.519999999999882 10.859999999999875 11.07999999999987
10.5 8.73999999999992 9.169999999999911 9.609999999999902 10.049999999999892 10.469999999999883 10.819999999999876 11.049999999999871
10.700000000000001 8.679999999999922 9.119999999999912 9.559999999999903 9.999999999999893 10.419999999999884 10.769999999999877 10.989999999999872
10.9 8.649999999999922 9.079999999999913 9.519999999999904 9.949999999999894 10.379999999999885 10.719999999999878 10.949999999999873
11.1 8.579999999999924 9.029999999999914 9.479999999999905 9.909999999999895 10.329999999999886 10.679999999999879 10.899999999999874
11.3 8.559999999999924 8.989999999999915 9.429999999999906 9.869999999999896 10.289999999999887 10.63999999999988 10.859999999999875
11.5 8.519999999999925 8.939999999999916 9.389999999999906 9.819999999999897 10.249999999999888 10.59999999999988 10.809999999999876
11.700000000000001 8.459999999999926 8.899999999999917 9.339999999999907 9.779999999999898 10.19999999999989 10.549999999999882 10.779999999999877
11.9 8.419999999999927 8.859999999999918 9.299999999999908 9.739999999999899 10.15999999999989 10.509999999999883 10.729999999999878
12.1 8.389999999999928 8.819999999999919 9.25999999999991 9.6999999999999 10.11999999999989 10.469999999999883 10.699999999999878
12.3 8.31999999999993 8.77999999999992 9.21999999999991 9.6599999999999 10.079999999999892 10.429999999999884 10.64999999999988
12.5 8.28999999999993 8.72999999999992 9.169999999999911 9.609999999999902 10.039999999999893 10.379999999999885 10.60999999999988
12.700000000000001 8.25999999999993 8.699999999999921 9.129999999999912 9.569999999999903 9.999999999999893 10.339999999999886 10.559999999999881
12.9 8.199999999999932 8.659999999999922 9.099999999999913 9.529999999999903 9.959999999999894 10.299999999999887 10.529999999999882
13.1 8.159999999999933 8.609999999999923 9.059999999999913 9.489999999999904 9.919999999999895 10.259999999999888 10.489999999999883
13.3 8.139999999999933 8.579999999999924 9.019999999999914 9.459999999999905 9.879999999999896 10.219999999999889 10.449999999999884
13.5 8.089999999999934 8.539999999999925 8.979999999999915 9.419999999999906 9.839999999999897 10.17999999999989 10.409999999999885
13.700000000000001 8.079999999999934 8.499999999999925 8.939999999999916 9.379999999999907 9.799999999999898 10.13999999999989 10.359999999999886
13.9 8.019999999999936 8.469999999999926 8.899999999999917 9.339999999999907 9.769999999999898 10.109999999999891 10.329999999999886
14.1 7.969999999999937 8.429999999999927 8.859999999999918 9.299999999999908 9.7199999999999 10.069999999999892 10.289999999999887
14.3 7.939999999999937 8.379999999999928 8.829999999999918 9.25999999999991 9.6899999999999 10.029999999999893 10.249999999999888
14.5 7.919999999999938 8.349999999999929 8.78999999999992 9.22999999999991 9.6499999999999 9.999999999999893 10.219999999999889
14.700000000000001 7.869999999999939 8.30999999999993 8.74999999999992 9.18999999999991 9.619999999999902 9.959999999999894 10.17999999999989
14.9 7.82999999999994 8.26999999999993 8.71999999999992 9.159999999999911 9.579999999999902 9.929999999999895 10.14999999999989
15.1 7.7899999999999405 8.239999999999931 8.679999999999922 9.119999999999912 9.539999999999903 9.889999999999896 10.099999999999891
15.3 7.769999999999941 8.209999999999932 8.649999999999922 9.079999999999913 9.509999999999904 9.849999999999897 10.069999999999892
15.5 7.729999999999942 8.169999999999932 8.609999999999923 9.049999999999914 9.469999999999905 9.819999999999897 10.049999999999892
15.700000000000001 7.689999999999943 8.139999999999933 8.579999999999924 9.009999999999915 9.439999999999905 9.779999999999898 10.009999999999893
15.9 7.669999999999943 8.099999999999934 8.539999999999925 8.979999999999915 9.399999999999906 9.749999999999899 9.969999999999894
16.1 7.629999999999944 8.069999999999935 8.509999999999925 8.949999999999916 9.369999999999907 9.7099999999999 9.939999999999895
16.3 7.599999999999945 8.029999999999935 8.469999999999926 8.909999999999917 9.329999999999908 9.6799999999999 9.899999999999896
16.500000000000004 7.559999999999945 7.999999999999936 8.439999999999927 8.879999999999917 9.299999999999908 9.6499999999999 9.879999999999896
16.700000000000003 7.519999999999946 7.959999999999937 8.409999999999927 8.839999999999918 9.269999999999909 9.609999999999902 9.839999999999897
16.900000000000002 7.499999999999947 7.9299999999999375 8.369999999999928 8.809999999999919 9.22999999999991 9.579999999999902 9.809999999999897
17.1 7.459999999999948 7.899999999999938 8.339999999999929 8.77999999999992 9.19999999999991 9.549999999999903 9.759999999999899
17.3 7.419999999999948 7.869999999999939 8.29999999999993 8.73999999999992 9.169999999999911 9.509999999999904 9.7299999999999
17.500000000000004 7.389999999999949 7.8399999999999395 8.26999999999993 8.709999999999921 9.139999999999912 9.479999999999905 9.6999999999999
17.700000000000003 7.35999999999995 7.79999999999994 8.24999999999993 8.689999999999921 9.109999999999912 9.449999999999905 9.6799999999999
17.900000000000002 7.33999999999995 7.779999999999941 8.219999999999931 8.649999999999922 9.069999999999913 9.419999999999906 9.6599999999999
18.1 7.309999999999951 7.729999999999942 8.189999999999932 8.619999999999923 9.039999999999914 9.389999999999906 9.609999999999902
18.3 7.279999999999951 7.709999999999942 8.149999999999933 8.589999999999923 9.009999999999915 9.359999999999907 9.589999999999902
18.500000000000004 7.249999999999952 7.679999999999943 8.119999999999933 8.559999999999924 8.979999999999915 9.329999999999908 9.559999999999903
18.700000000000003 7.199999999999953 7.6499999999999435 8.089999999999934 8.529999999999925 8.949999999999916 9.299999999999908 9.519999999999904
18.900000000000002 7.1799999999999535 7.619999999999944 8.059999999999935 8.499999999999925 8.919999999999916 9.269999999999909 9.489999999999904
19.1 7.159999999999954 7.589999999999945 8.029999999999935 8.469999999999926 8.889999999999917 9.22999999999991 9.449999999999905
19.300000000000004 7.129999999999955 7.569999999999945 7.999999999999936 8.439999999999927 8.859999999999918 9.20999999999991 9.429999999999906
19.500000000000004 7.099999999999955 7.539999999999946 7.969999999999937 8.409999999999927 8.829999999999918 9.179999999999911 9.399999999999906
19.700000000000003 7.069999999999956 7.499999999999947 7.939999999999937 8.379999999999928 8.799999999999919 9.149999999999912 9.359999999999907
