example/data/Whole_Sky_stellar.ecsv
# %ECSV 1.0
# ---
# datatype:
# - {name: z, datatype: float64}
# - {name: -3 sigma, datatype: float64}
# - {name: -2 sigma, datatype: float64}
# - {name: -1 sigma, datatype: float64}
# - {name: median, datatype: float64}
# - {name: +1 sigma, datatype: float64}
# - {name: +2 sigma, datatype: float64}
# - {name: +3 sigma, datatype: float64}
# schema: astropy-2.0
z "-3 sigma" "-2 sigma" "-1 sigma" median "+1 sigma" "+2 sigma" "+3 sigma"
0.1 12.51999999999984 12.929999999999831 13.369999999999822 13.809999999999812 14.229999999999803 14.569999999999796 14.779999999999792
0.30000000000000004 12.49999999999984 12.94999999999983 13.379999999999821 13.819999999999812 14.239999999999803 14.579999999999796 14.769999999999792
0.5 12.439999999999841 12.869999999999832 13.309999999999823 13.739999999999814 14.159999999999805 14.509999999999797 14.689999999999793
0.7000000000000001 12.339999999999844 12.779999999999834 13.209999999999825 13.639999999999816 14.069999999999807 14.3999999999998 14.599999999999795
0.9 12.229999999999846 12.659999999999837 13.099999999999827 13.539999999999818 13.94999999999981 14.299999999999802 14.479999999999798
1.1 12.129999999999848 12.559999999999839 12.98999999999983 13.42999999999982 13.849999999999811 14.189999999999804 14.3699999999998
1.3000000000000003 11.99999999999985 12.449999999999841 12.879999999999832 13.319999999999823 13.729999999999814 14.079999999999806 14.259999999999803
1.5000000000000002 11.899999999999853 12.339999999999844 12.779999999999834 13.209999999999825 13.619999999999816 13.969999999999809 14.149999999999805
1.7000000000000002 11.789999999999855 12.229999999999846 12.669999999999837 13.099999999999827 13.519999999999818 13.859999999999811 14.049999999999807
1.9000000000000001 11.699999999999857 12.129999999999848 12.569999999999839 12.99999999999983 13.41999999999982 13.759999999999813 13.94999999999981
2.1 11.58999999999986 12.02999999999985 12.46999999999984 12.909999999999831 13.329999999999822 13.669999999999815 13.849999999999811
2.3000000000000003 11.499999999999861 11.939999999999852 12.379999999999843 12.809999999999834 13.229999999999825 13.569999999999817 13.759999999999813
2.5000000000000004 11.409999999999863 11.839999999999854 12.279999999999845 12.719999999999835 13.139999999999826 13.47999999999982 13.669999999999815
2.7 11.319999999999865 11.759999999999856 12.199999999999847 12.629999999999837 13.049999999999828 13.389999999999821 13.579999999999817
2.9000000000000004 11.219999999999867 11.659999999999858 12.099999999999849 12.53999999999984 12.95999999999983 13.299999999999823 13.489999999999819
3.1 11.149999999999869 11.58999999999986 12.01999999999985 12.459999999999841 12.879999999999832 13.209999999999825 13.399999999999821
3.3000000000000003 11.05999999999987 11.499999999999861 11.939999999999852 12.369999999999843 12.799999999999834 13.139999999999826 13.329999999999822
3.5000000000000004 10.999999999999872 11.429999999999863 11.859999999999854 12.299999999999844 12.719999999999835 13.059999999999828 13.249999999999824
3.7 10.919999999999874 11.349999999999865 11.779999999999855 12.219999999999846 12.639999999999837 12.97999999999983 13.179999999999826
3.9000000000000004 10.819999999999876 11.269999999999866 11.709999999999857 12.149999999999848 12.569999999999839 12.899999999999832 13.099999999999827
4.1 10.749999999999877 11.199999999999868 11.639999999999858 12.06999999999985 12.48999999999984 12.829999999999833 13.019999999999829
4.3 10.689999999999879 11.12999999999987 11.56999999999986 11.99999999999985 12.419999999999842 12.759999999999835 12.95999999999983
4.5 10.61999999999988 11.05999999999987 11.499999999999861 11.929999999999852 12.349999999999843 12.689999999999836 12.879999999999832
4.7 10.559999999999881 10.989999999999872 11.429999999999863 11.859999999999854 12.279999999999845 12.619999999999838 12.809999999999834
4.9 10.479999999999883 10.919999999999874 11.359999999999864 11.789999999999855 12.219999999999846 12.549999999999839 12.739999999999835
5.1 10.409999999999885 10.849999999999875 11.289999999999866 11.729999999999857 12.149999999999848 12.48999999999984 12.689999999999836
5.3 10.349999999999886 10.779999999999877 11.219999999999867 11.659999999999858 12.079999999999849 12.419999999999842 12.619999999999838
5.5 10.279999999999887 10.719999999999878 11.159999999999869 11.59999999999986 12.01999999999985 12.359999999999843 12.549999999999839
5.7 10.219999999999889 10.65999999999988 11.09999999999987 11.52999999999986 11.949999999999852 12.299999999999844 12.48999999999984
5.9 10.13999999999989 10.59999999999988 11.039999999999871 11.469999999999862 11.889999999999853 12.239999999999846 12.429999999999842
6.1 10.079999999999892 10.539999999999882 10.979999999999873 11.409999999999863 11.829999999999854 12.169999999999847 12.369999999999843
6.3 10.039999999999893 10.479999999999883 10.919999999999874 11.349999999999865 11.769999999999856 12.109999999999848 12.309999999999844
6.5 9.979999999999894 10.419999999999884 10.859999999999875 11.289999999999866 11.709999999999857 12.04999999999985 12.239999999999846
6.7 9.929999999999895 10.359999999999886 10.799999999999876 11.229999999999867 11.649999999999858 11.989999999999851 12.189999999999847
6.9 9.859999999999896 10.309999999999887 10.739999999999878 11.169999999999868 11.59999999999986 11.939999999999852 12.139999999999848
7.1 9.789999999999898 10.239999999999888 10.679999999999879 11.11999999999987 11.53999999999986 11.879999999999853 12.079999999999849
7.3 9.7299999999999 10.17999999999989 10.61999999999988 11.05999999999987 11.479999999999862 11.829999999999854 12.02999999999985
7.5 9.7199999999999 10.13999999999989 10.579999999999881 11.009999999999872 11.429999999999863 11.769999999999856 11.969999999999851
7.7 9.639999999999901 10.069999999999892 10.519999999999882 10.949999999999873 11.369999999999864 11.709999999999857 11.919999999999852
7.9 9.599999999999902 10.019999999999893 10.459999999999884 10.899999999999874 11.309999999999865 11.659999999999858 11.859999999999854
8.1 9.539999999999903 9.969999999999894 10.409999999999885 10.839999999999876 11.259999999999867 11.609999999999859 11.809999999999855
8.3 9.479999999999905 9.919999999999895 10.359999999999886 10.789999999999877 11.209999999999868 11.54999999999986 11.749999999999856
8.5 9.419999999999906 9.869999999999896 10.299999999999887 10.739999999999878 11.159999999999869 11.499999999999861 11.709999999999857
8.7 9.369999999999907 9.809999999999897 10.249999999999888 10.689999999999879 11.10999999999987 11.449999999999863 11.649999999999858
8.9 9.329999999999908 9.759999999999899 10.19999999999989 10.63999999999988 11.05999999999987 11.399999999999864 11.59999999999986
9.1 9.269999999999909 9.7099999999999 10.14999999999989 10.58999999999988 11.009999999999872 11.349999999999865 11.54999999999986
9.3 9.22999999999991 9.6599999999999 10.099999999999891 10.539999999999882 10.959999999999873 11.299999999999866 11.519999999999861
9.5 9.169999999999911 9.609999999999902 10.049999999999892 10.489999999999883 10.909999999999874 11.259999999999867 11.459999999999862
9.700000000000001 9.119999999999912 9.559999999999903 10.009999999999893 10.439999999999884 10.859999999999875 11.199999999999868 11.409999999999863
9.9 9.079999999999913 9.519999999999904 9.959999999999894 10.389999999999885 10.809999999999876 11.159999999999869 11.369999999999864
10.1 9.039999999999914 9.469999999999905 9.909999999999895 10.349999999999886 10.759999999999877 11.10999999999987 11.319999999999865
10.3 8.989999999999915 9.419999999999906 9.869999999999896 10.299999999999887 10.719999999999878 11.06999999999987 11.279999999999866
10.5 8.959999999999916 9.379999999999907 9.819999999999897 10.249999999999888 10.679999999999879 11.019999999999872 11.219999999999867
10.700000000000001 8.899999999999917 9.339999999999907 9.779999999999898 10.209999999999889 10.62999999999988 10.979999999999873 11.179999999999868
10.9 8.849999999999918 9.279999999999909 9.7299999999999 10.15999999999989 10.58999999999988 10.929999999999874 11.12999999999987
11.1 8.809999999999919 9.24999999999991 9.6899999999999 10.11999999999989 10.539999999999882 10.889999999999874 11.08999999999987
11.3 8.76999999999992 9.19999999999991 9.6499999999999 10.079999999999892 10.499999999999883 10.839999999999876 11.049999999999871
11.5 8.709999999999921 9.159999999999911 9.599999999999902 10.029999999999893 10.449999999999884 10.799999999999876 11.009999999999872
11.700000000000001 8.679999999999922 9.119999999999912 9.559999999999903 9.989999999999894 10.409999999999885 10.749999999999877 10.949999999999873
11.9 8.639999999999922 9.069999999999913 9.509999999999904 9.949999999999894 10.369999999999886 10.709999999999878 10.919999999999874
12.1 8.589999999999923 9.019999999999914 9.469999999999905 9.909999999999895 10.329999999999886 10.66999999999988 10.869999999999875
12.3 8.549999999999924 8.989999999999915 9.429999999999906 9.859999999999896 10.289999999999887 10.62999999999988 10.839999999999876
12.5 8.499999999999925 8.949999999999916 9.389999999999906 9.819999999999897 10.239999999999888 10.58999999999988 10.789999999999877
12.700000000000001 8.459999999999926 8.909999999999917 9.349999999999907 9.789999999999898 10.209999999999889 10.549999999999882 10.759999999999877
12.9 8.429999999999927 8.869999999999918 9.309999999999908 9.739999999999899 10.15999999999989 10.509999999999883 10.709999999999878
13.1 8.389999999999928 8.829999999999918 9.269999999999909 9.6999999999999 10.12999999999989 10.469999999999883 10.679999999999879
13.3 8.349999999999929 8.78999999999992 9.22999999999991 9.6699999999999 10.079999999999892 10.429999999999884 10.62999999999988
13.5 8.30999999999993 8.74999999999992 9.18999999999991 9.629999999999901 10.049999999999892 10.389999999999885 10.58999999999988
13.700000000000001 8.25999999999993 8.709999999999921 9.149999999999912 9.589999999999902 10.009999999999893 10.349999999999886 10.559999999999881
13.9 8.229999999999931 8.669999999999922 9.119999999999912 9.549999999999903 9.969999999999894 10.309999999999887 10.529999999999882
14.1 8.189999999999932 8.639999999999922 9.069999999999913 9.509999999999904 9.929999999999895 10.269999999999888 10.479999999999883
14.3 8.169999999999932 8.599999999999923 9.039999999999914 9.469999999999905 9.889999999999896 10.239999999999888 10.449999999999884
14.5 8.109999999999934 8.559999999999924 8.999999999999915 9.439999999999905 9.859999999999896 10.19999999999989 10.409999999999885
14.700000000000001 8.049999999999935 8.519999999999925 8.959999999999916 9.399999999999906 9.819999999999897 10.16999999999989 10.369999999999886
14.9 8.049999999999935 8.489999999999926 8.929999999999916 9.359999999999907 9.789999999999898 10.12999999999989 10.339999999999886
15.1 8.009999999999936 8.449999999999926 8.889999999999917 9.329999999999908 9.749999999999899 10.089999999999892 10.299999999999887
15.3 7.9799999999999365 8.419999999999927 8.859999999999918 9.289999999999909 9.7199999999999 10.059999999999892 10.269999999999888
15.5 7.9299999999999375 8.379999999999928 8.819999999999919 9.25999999999991 9.6799999999999 10.019999999999893 10.229999999999889
15.700000000000001 7.909999999999938 8.339999999999929 8.78999999999992 9.21999999999991 9.639999999999901 9.989999999999894 10.18999999999989
15.9 7.869999999999939 8.30999999999993 8.74999999999992 9.18999999999991 9.609999999999902 9.949999999999894 10.16999999999989
16.1 7.8399999999999395 8.27999999999993 8.71999999999992 9.159999999999911 9.579999999999902 9.919999999999895 10.12999999999989
16.3 7.80999999999994 8.24999999999993 8.689999999999921 9.119999999999912 9.539999999999903 9.879999999999896 10.089999999999892
16.500000000000004 7.759999999999941 8.209999999999932 8.649999999999922 9.089999999999913 9.509999999999904 9.849999999999897 10.059999999999892
16.700000000000003 7.729999999999942 8.179999999999932 8.619999999999923 9.049999999999914 9.469999999999905 9.819999999999897 10.029999999999893
16.900000000000002 7.6999999999999424 8.139999999999933 8.579999999999924 9.019999999999914 9.439999999999905 9.789999999999898 9.989999999999894
17.1 7.679999999999943 8.119999999999933 8.549999999999924 8.989999999999915 9.409999999999906 9.749999999999899 9.959999999999894
17.3 7.619999999999944 8.079999999999934 8.519999999999925 8.959999999999916 9.379999999999907 9.7199999999999 9.929999999999895
17.500000000000004 7.589999999999945 8.049999999999935 8.489999999999926 8.919999999999916 9.339999999999907 9.6899999999999 9.899999999999896
17.700000000000003 7.569999999999945 8.009999999999936 8.449999999999926 8.889999999999917 9.309999999999908 9.6499999999999 9.859999999999896
17.900000000000002 7.519999999999946 7.9799999999999365 8.419999999999927 8.859999999999918 9.279999999999909 9.619999999999902 9.829999999999897
18.1 7.519999999999946 7.949999999999937 8.389999999999928 8.829999999999918 9.24999999999991 9.589999999999902 9.799999999999898
18.3 7.469999999999947 7.919999999999938 8.359999999999928 8.799999999999919 9.21999999999991 9.559999999999903 9.769999999999898
18.500000000000004 7.429999999999948 7.889999999999938 8.329999999999929 8.76999999999992 9.18999999999991 9.529999999999903 9.739999999999899
18.700000000000003 7.419999999999948 7.859999999999939 8.28999999999993 8.72999999999992 9.149999999999912 9.499999999999904 9.7099999999999
18.900000000000002 7.389999999999949 7.8399999999999395 8.26999999999993 8.699999999999921 9.129999999999912 9.469999999999905 9.6799999999999
19.1 7.32999999999995 7.79999999999994 8.239999999999931 8.669999999999922 9.099999999999913 9.439999999999905 9.639999999999901
19.300000000000004 7.32999999999995 7.769999999999941 8.209999999999932 8.649999999999922 9.069999999999913 9.409999999999906 9.609999999999902
19.500000000000004 7.3199999999999505 7.749999999999941 8.179999999999932 8.619999999999923 9.039999999999914 9.379999999999907 9.589999999999902
19.700000000000003 7.289999999999951 7.709999999999942 8.149999999999933 8.589999999999923 9.009999999999915 9.349999999999907 9.559999999999903
